# relative_time, cycles_done, cur_item, corpus_count, pending_total, pending_favs, map_size, saved_crashes, saved_hangs, max_depth, execs_per_sec, total_execs, edges_found
60, 0, 415, 626, 578, 96, 8.54%, 0, 0, 3, 679.37, 46685, 4507
66, 0, 415, 647, 599, 96, 8.55%, 0, 0, 3, 334.46, 47862, 4512
71, 0, 480, 665, 616, 120, 8.58%, 0, 0, 4, 689.78, 51057, 4526
76, 0, 480, 675, 626, 120, 8.58%, 0, 0, 4, 947.51, 56334, 4528
81, 0, 480, 683, 634, 120, 8.58%, 0, 0, 4, 894.50, 60908, 4529
86, 0, 480, 706, 657, 120, 8.59%, 0, 0, 4, 276.41, 63467, 4532
91, 0, 421, 722, 671, 126, 8.61%, 0, 0, 4, 781.97, 66943, 4542
96, 0, 421, 725, 674, 126, 8.61%, 0, 0, 4, 534.79, 69699, 4543
102, 0, 421, 728, 677, 126, 8.62%, 0, 0, 4, 390.47, 71784, 4546
107, 0, 421, 730, 679, 126, 8.62%, 0, 0, 4, 377.62, 73578, 4546
112, 0, 421, 733, 682, 126, 8.62%, 0, 0, 4, 374.85, 75496, 4550
117, 0, 407, 739, 687, 131, 8.63%, 0, 0, 4, 326.46, 77612, 4554
122, 0, 407, 743, 691, 131, 8.63%, 0, 0, 4, 493.74, 80154, 4555
127, 0, 407, 747, 695, 131, 8.64%, 0, 0, 4, 697.15, 83926, 4558
132, 0, 407, 751, 699, 131, 8.65%, 0, 0, 4, 387.84, 85669, 4564
137, 0, 407, 755, 703, 131, 8.65%, 0, 0, 4, 547.56, 88560, 4565
142, 0, 594, 772, 718, 134, 8.75%, 0, 0, 4, 445.22, 91406, 4617
147, 0, 766, 795, 739, 140, 8.90%, 0, 0, 5, 604.82, 94613, 4696
152, 0, 766, 808, 752, 140, 9.00%, 0, 0, 5, 815.32, 98919, 4746
157, 0, 766, 819, 763, 140, 9.06%, 0, 0, 5, 772.92, 102785, 4779
162, 0, 766, 839, 783, 140, 9.09%, 0, 0, 5, 626.25, 105610, 4796
168, 0, 772, 859, 800, 156, 9.11%, 0, 0, 5, 688.31, 108739, 4804
173, 0, 772, 867, 808, 156, 9.13%, 0, 0, 5, 826.21, 113098, 4819
178, 0, 772, 870, 811, 156, 9.16%, 0, 0, 5, 698.47, 116977, 4832
183, 0, 772, 872, 813, 156, 9.16%, 0, 0, 5, 466.40, 118805, 4834
188, 0, 772, 878, 819, 156, 9.16%, 0, 0, 5, 433.63, 120958, 4834
193, 0, 716, 889, 829, 161, 9.18%, 0, 0, 5, 553.36, 124062, 4844
198, 0, 716, 895, 835, 161, 9.19%, 0, 0, 5, 433.94, 125985, 4849
203, 0, 716, 898, 838, 161, 9.19%, 0, 0, 5, 491.75, 128893, 4849
209, 0, 716, 903, 843, 161, 9.19%, 0, 0, 5, 689.55, 132427, 4849
214, 0, 886, 929, 866, 168, 9.24%, 0, 0, 5, 876.37, 137021, 4877
219, 0, 886, 946, 883, 168, 9.26%, 0, 0, 5, 844.94, 141543, 4885
224, 0, 886, 951, 888, 168, 9.27%, 0, 0, 5, 865.30, 145981, 4889
229, 0, 886, 967, 904, 168, 9.27%, 0, 1, 5, 1020.29, 149986, 4891
234, 0, 794, 1004, 940, 185, 9.29%, 1, 1, 6, 818.36, 153653, 4904
239, 0, 915, 1024, 959, 192, 9.34%, 1, 1, 6, 963.41, 158601, 4928
244, 0, 915, 1038, 973, 192, 9.34%, 1, 1, 6, 764.98, 162579, 4929
249, 0, 915, 1044, 979, 192, 9.34%, 1, 1, 6, 600.52, 165621, 4930
254, 0, 915, 1045, 980, 192, 9.34%, 1, 1, 6, 482.22, 167647, 4930
260, 0, 396, 1057, 991, 192, 9.34%, 1, 1, 6, 272.48, 168661, 4930
265, 0, 396, 1071, 1005, 192, 9.34%, 1, 1, 6, 158.86, 169212, 4930
270, 0, 396, 1078, 1012, 192, 9.34%, 1, 1, 6, 117.53, 169736, 4930
275, 0, 396, 1078, 1012, 192, 9.34%, 1, 1, 6, 83.89, 170131, 4930
280, 0, 396, 1089, 1023, 192, 9.34%, 1, 1, 6, 178.34, 170893, 4930
285, 0, 813, 1099, 1032, 192, 9.36%, 1, 1, 6, 280.69, 172511, 4936
290, 0, 813, 1103, 1036, 192, 9.39%, 1, 1, 6, 464.69, 174725, 4955
295, 0, 813, 1106, 1039, 192, 9.41%, 1, 1, 6, 754.00, 178599, 4963
297, 0, 813, 1106, 1039, 192, 9.41%, 1, 1, 6, 785.42, 179738, 4963
